1000
1001
1002
1003
1004
1005
1006
1009
1013
1014
1015
1016
1018
1019
1020
1021
1022
1024
1026
1027
1028
1030
1031
1032
1033
1035
1036
1037
1039
1041
1042
1044
1045
1047
1049
1050
1052
1053
1054
1055
1056
1057
1058
1059
1060
1061
1062
1063
1064
1065
1067
1069
1071
1072
1073
1074
1075
1076
1077
1079
1081
1082
1083
1084
1085
1086
1087
1088
1091
1092
1093
1095
1096
1097
1098
1099
1101
1102
1105
1107
1108
1109
1110
1113
1115
1117
1118
1119
1120
1121
1122
1123
1124
1126
1128
1130
1132
1133
1136
1138
1139
1140
1141
1142
1143
1144
1146
1147
1148
1153
1154
1155
1156
1157
1160
1161
1163
1164
1165
1168
1170
1171
1172
1174
1175
1177
1178
1180
1182
1183
1184
1185
1188
1191
1195
1196
1197
1198
1199
1200
1201
1202
1203
1204
1210
1212
1214
1215
1217
1218
1219
1220
1222
1223
1224
1225
1227
1228
1229
1230
1231
1232
1233
1234
1235
1236
1239
1241
1247
1248
1249
1254
1255
1257
1258
1259
1260
1262
1263
1264
1265
1269
1270
1271
1273
1274
1276
1277
1278
1280
1281
1283
1284
1285
1286
1288
1290
1292
1293
1296
1297
1299
1300
1301
1302
1303
1304
1305
1307
1309
1312
1315
1316
1317
1318
1319
1321
1322
1324
1327
1328
1329
1330
1331
1332
1333
1334
1336
1337
1338
1339
1341
1342
1343
1345
1346
1347
1349
1350
1353
1356
1359
1360
1361
1362
1363
1364
1365
1366
1367
1369
1370
1371
1372
1373
1374
1375
1376
1378
1380
1381
1382
1385
1386
1387
1388
1389
1390
1391
1393
1398
1400
1401
1402
1404
1405
1406
1407
1410
1411
1412
1413
1414
1415
1416
1417
1418
1421
1423
1425
1426
1427
1428
1429
1430
1431
1432
1435
1438
1439
1440
1441
1443
1444
1446
1447
1450
1452
1453
1454
1456
1457
1458
1459
1461
1462
1463
1464
1465
1468
1469
1471
1472
1473
1474
1475
1476
1477
1478
1479
1480
1481
1482
1484
1485
1487
1488
1491
1492
1493
1494
1495
1496
1497
1498
1499
1502
1503
1507
1510
1514
1515
1516
1517
1518
1520
1521
1522
1523
1524
1525
1526
1527
1528
1529
1530
1531
1532
1533
1534
1535
1537
1539
1540
1541
1542
1545
1546
1548
1549
1550
1551
1554
1555
1556
1557
1558
1559
1560
1561
1562
1563
1565
1566
1567
1569
1573
1575
1576
1577
1580
1581
1583
1584
1585
1586
1587
1590
1591
1592
1593
1594
1596
1598
1599
1600
1603
1606
1607
1608
1609
1610
1611
1612
1613
1614
1615
1617
1618
1619
1622
1624
1625
1626
1627
1628
1629
1630
1631
1632
1633
1634
1635
1636
1637
1638
1639
1642
1643
1645
1646
1647
1648
1649
1651
1652
1653
1654
1655
1656
1657
1658
1659
1660
1661
1664
1667
1668
1669
1670
1672
1673
1674
1676
1679
1680
1681
1682
1683
1684
1686
1687
1688
1689
1690
1691
1692
1693
1694
1695
1697
1698
1700
1701
1702
1704
1706
1708
1709
1710
1711
1713
1715
1717
1718
1719
1720
1722
1724
1725
1726
1727
1728
1729
1730
1731
1732
1734
1736
1737
1740
1741
1742
1743
1744
1745
1746
1747
1748
1749
1750
1751
1752
1753
1754
1756
1757
1758
1760
1761
1762
1763
1764
1766
1767
1768
1769
1770
1773
1776
1777
1779
1780
1781
1782
1783
1784
1786
1787
1788
1790
1791
1793
1794
1795
1797
1798
1800
1802
1803
1804
1806
1807
1808
1809
1810
1811
1812
1814
1815
1816
1817
1818
1819
1820
1821
1823
1827
1829
1830
1831
1832
1833
1834
1835
1836
1837
1839
1840
1843
1844
1845
1846
1847
1848
1850
1851
1853
1854
1855
1859
1860
1861
1862
1863
1865
1867
1870
1871
1872
1874
1875
1877
1878
1879
1880
1881
1883
1884
1885
1886
1887
1888
1890
1891
1892
1893
1894
1895
1896
1898
1900
1902
1904
1905
1907
1909
1910
1912
1914
1916
1917
1918
1919
1921
1922
1923
1925
1926
1927
1929
1931
1932
1933
1934
1935
1938
1939
1941
1942
1943
1946
1948
1949
1950
1951
1953
1955
1959
1961
1962
1964
1965
1966
1967
1968
1969
1970
1972
1976
1977
1980
1981
1982
1983
1984
1986
1987
1988
1989
1990
1991
1992
1993
1994
1995
1996
1997
1998
2000
2001
2002
2004
2005
2006
2007
2008
2009
2010
2011
2013
2015
2017
2018
2019
2022
2023
2024
2025
2027
2028
2029
2032
2034
2035
2036
2037
2038
2039
2041
2042
2045
2046
2047
2048
2049
2052
2053
2054
2055
2056
2057
2058
2059
2062
2064
2065
2067
2069
2070
2071
2072
2073
2074
2075
2076
2078
2079
2080
2081
2082
2084
2085
2086
2087
2090
2092
2093
2094
2096
2098
2099
2102
2103
2104
2105
2106
2108
2109
2110
2111
2112
2113
2114
2115
2116
2117
2118
2119
2121
2123
2124
2125
2126
2127
2129
2130
2131
2133
2135
2138
2140
2141
2142
2143
2144
2146
2147
2148
2149
2152
2153
2154
2156
2158
2159
2160
2161
2163
2164
2166
2167
2168
2169
2170
2171
2172
2173
2174
2175
2178
2181
2182
2183
2184
2185
2186
2187
2188
2189
2191
2192
2193
2194
2196
2197
2200
2202
2203
2205
2206
2207
2208
2209
2213
2215
2216
2217
2218
2219
2220
2221
2222
2224
2225
2226
2228
2229
2230
2231
2232
2233
2235
2236
2237
2238
2239
2240
2241
2242
2243
2245
2246
2247
2248
2249
2250
2252
2253
2254
2255
2256
2258
2259
2260
2261
2262
2264
2265
2266
2267
2268
2270
2271
2272
2275
2276
2277
2280
2281
2282
2283
2284
2285
2286
2289
2292
2294
2295
2296
2299
2300
2301
2302
2303
2304
2307
2308
2309
2310
2312
2313
2314
2315
2316
2317
2318
2319
2320
2321
2323
2324
2327
2328
2329
2331
2332
2333
2334
2335
2337
2338
2341
2344
2345
2346
2347
2348
2349
2350
2351
2353
2354
2355
2356
2357
2358
2359
2360
2363
2367
2369
2370
2371
2372
2373
2375
2376
2377
2379
2380
2387
2388
2390
2392
2394
2395
2396
2397
2398
2400
2402
2403
2404
2405
2406
2407
2408
2409
2412
2413
2414
2415
2416
2417
2418
2420
2422
2423
2424
2426
2428
2429
2430
2431
2432
2433
2434
2436
2437
2438
2440
2441
2442
2443
2444
2446
2448
2449
2450
2452
2453
2455
2456
2457
2458
2462
2463
2466
2467
2468
2469
2473
2474
2475
2476
2477
2479
2481
2482
2485
2487
2488
2490
2491
2492
2495
2497
2499
2501
2502
2506
2507
2508
2509
2510
2511
2512
2513
2514
2516
2518
2519
2520
2521
2522
2523
2524
2525
2526
2527
2528
2529
2530
2531
2532
2533
2534
2536
2537
2539
2540
2541
2542
2543
2544
2545
2546
2547
2548
2549
2550
2551
2552
2553
2554
2556
2559
2560
2561
2562
2564
2565
2566
2567
2568
2570
2571
2574
2575
2576
2577
2579
2581
2582
2583
2584
2586
2588
2589
2590
2592
2593
2594
2595
2598
2599
2600
2601
2603
2604
2606
2607
2608
2609
2610
2612
2613
2616
2617
2619
2620
2621
2622
2623
2624
2625
2627
2628
2629
2630
2631
2632
2634
2635
2636
2637
2638
2639
2640
2643
2644
2647
2648
2649
2650
2652
2655
2656
2658
2661
2662
2663
2665
2666
2667
2668
2669
2670
2671
2674
2675
2676
2678
2679
2680
2681
2682
2684
2685
2686
2687
2688
2689
2690
2694
2695
2696
2698
2699
2705
2706
2707
2708
2709
2710
2712
2713
2714
2716
2717
2718
2719
2721
2722
2723
2724
2725
2727
2729
2730
2732
2733
2734
2735
2736
2737
2738
2739
2740
2742
2743
2746
2747
2748
2749
2751
2752
2753
2754
2756
2757
2758
2759
2760
2761
2763
2765
2768
2769
2770
2771
2772
2773
2774
2776
2777
2778
2779
2780
2781
2782
2784
2785
2786
2787
2789
2790
2791
2792
2793
2794
2795
2796
2797
2799
2800
2801
2803
2805
2807
2808
2809
2810
2811
2812
2813
2814
2816
2817
2820
2821
2823
2824
2825
2826
2827
2828
2829
2830
2832
2834
2836
2838
2839
2840
2841
2843
2844
2846
2848
2849
2850
2851
2852
2853
2854
2855
2856
2857
2858
2859
2863
2864
2867
2868
2869
2871
2873
2874
2875
2876
2877
2878
2880
2881
2882
2884
2885
2886
2887
2888
2890
2891
2892
2893
2895
2896
2897
2898
2899
2900
2901
2902
2904
2905
2906
2907
2909
2910
2912
2913
2914
2915
2916
2917
2918
2919
2922
2923
2924
2925
2926
2929
2930
2931
2932
2933
2935
2936
2938
2939
2940
2942
2943
2944
2945
2946
2950
2951
2952
2953
2954
2955
2956
2957
2960
2963
2964
2965
2967
2968
2969
2970
2971
2973
2978
2979
2980
2983
2984
2985
2987
2988
2989
2991
2992
2993
2994
2995
2996
2999
3000
3002
3003
3004
3008
3009
3010
3011
3012
3013
3018
3019
3020
3021
3022
3023
3024
3025
3028
3029
3030
3031
3032
3034
3036
3040
3041
3042
3043
3044
3046
3047
3048
3049
3050
3051
3052
3054
3055
3058
3059
3061
3062
3063
3065
3066
3067
3068
3070
3072
3073
3074
3076
3077
3078
3079
3080
3081
3082
3083
3088
3089
3091
3094
3096
3097
3098
3101
3102
3103
3104
3105
3106
3108
3110
3111
3112
3113
3114
3115
3117
3118
3119
3120
3121
3122
3124
3126
3127
3129
3132
3133
3134
3135
3136
3138
3139
3140
3142
3146
3147
3152
3154
3157
3158
3159
3160
3161
3162
3164
3165
3166
3167
3168
3170
3171
3172
3174
3175
3176
3177
3178
3180
3181
3182
3183
3184
3185
3186
3188
3191
3192
3193
3194
3195
3196
3197
3198
3201
3203
3205
3206
3207
3209
3210
3211
3213
3214
3215
3216
3217
3219
3220
3221
3222
3223
3224
3225
3226
3227
3228
3229
3230
3231
3233
3234
3235
3236
3238
3240
3242
3243
3245
3246
3247
3249
3251
3252
3253
3255
3256
3258
3260
3261
3262
3263
3265
3268
3269
3270
3272
3273
3274
3275
3277
3278
3279
3281
3283
3285
3286
3287
3289
3290
3291
3293
3294
3296
3300
3301
3302
3303
3305
3306
3307
3310
3311
3314
3315
3316
3317
3319
3323
3324
3326
3327
3328
3330
3332
3334
3335
3336
3337
3338
3342
3343
3344
3346
3349
3352
3354
3355
3357
3358
3359
3360
3361
3362
3364
3365
3367
3369
3372
3373
3375
3377
3378
3380
3382
3383
3384
3385
3386
3387
3388
3389
3390
3391
3392
3393
3394
3396
3397
3398
3399
3402
3403
3404
3405
3407
3408
3411
3412
3413
3414
3415
3416
3417
3418
3419
3420
3421
3422
3423
3424
3427
3428
3429
3430
3431
3432
3434
3438
3439
3440
3443
3444
3445
3446
3447
3448
3449
3452
3453
3454
3455
3456
3458
3459
3461
3462
3465
3466
3468
3469
3470
3471
3474
3476
3477
3479
3482
3483
3484
3486
3487
3488
3489
3490
3491
3492
3493
3494
3495
3496
3497
3498
3499
3500
3503
3504
3505
3506
3507
3508
3509
3510
3511
3513
3514
3515
3516
3518
3519
3520
3523
3525
3526
3527
3528
3529
3530
3531
3532
3534
3535
3536
3537
3538
3539
3541
3543
3544
3545
3546
3547
3548
3550
3551
3554
3555
3556
3558
3559
3562
3563
3566
3567
3570
3572
3573
3574
3576
3577
3579
3580
3582
3583
3585
3586
3587
3589
3590
3591
3592
3593
3594
3595
3597
3599
3600
3603
3604
3605
3606
3607
3608
3609
3610
3611
3612
3614
3615
3616
3617
3618
3619
3620
3621
3625
3626
3627
3628
3629
3632
3633
3634
3636
3637
3638
3639
3640
3641
3642
3643
3647
3648
3649
3650
3652
3654
3655
3656
3657
3658
3659
3660
3661
3662
3663
3665
3667
3668
3670
3672
3673
3674
3675
3676
3678
3680
3681
3682
3683
3684
3686
3689
3690
3692
3693
3694
3695
3698
3699
3700
3701
3702
3705
3706
3708
3710
3713
3715
3716
3718
3720
3724
3725
3726
3727
3728
3729
3731
3732
3734
3736
3737
3738
3739
3740
3741
3742
3744
3745
3746
3747
3748
3749
3750
3751
3752
3754
3755
3756
3757
3758
3760
3761
3762
3766
3767
3768
3769
3770
3771
3774
3775
3776
3777
3778
3780
3781
3782
3783
3784
3785
3787
3788
3789
3790
3793
3794
3795
3796
3797
3799
3801
3802
3803
3805
3806
3807
3808
3809
3810
3812
3814
3816
3818
3819
3820
3821
3822
3823
3826
3827
3828
3829
3831
3832
3833
3834
3837
3838
3839
3841
3843
3844
3846
3848
3849
3850
3852
3853
3854
3856
3857
3858
3859
3860
3862
3863
3865
3866
3867
3868
3869
3870
3871
3873
3874
3875
3876
3878
3880
3881
3882
3884
3885
3887
3889
3891
3892
3894
3895
3897
3899
3900
3902
3903
3904
3908
3909
3910
3911
3912
3913
3916
3918
3920
3921
3922
3923
3924
3925
3926
3927
3929
3930
3931
3932
3933
3934
3935
3938
3940
3941
3942
3943
3945
3946
3947
3948
3950
3951
3952
3954
3956
3957
3959
3960
3961
3964
3965
3966
3967
3969
3970
3971
3972
3973
3974
3976
3978
3979
3981
3982
3983
3985
3986
3987
3989
3990
3992
3995
3996
3997
4002
4003
4004
4005
4006
4011
4012
4013
4014
4015
4016
4017
4018
4019
4021
4022
4023
4024
4025
4026
4027
4028
4031
4032
4033
4034
4035
4037
4038
4039
4040
4041
4045
4046
4049
4050
4051
4052
4053
4055
4056
4059
4060
4065
4067
4069
4070
4072
4074
4076
4077
4078
4079
4080
4081
4082
4083
4084
4085
4086
4087
4088
4090
4092
4093
4094
4095
4097
4098
4099
4100
4102
4103
4107
4109
4111
4114
4115
4116
4117
4120
4121
4124
4125
4126
4128
4129
4131
4133
4135
4136
4139
4141
4142
4144
4145
4146
4147
4148
4149
4150
4153
4155
4157
4160
4163
4164
4165
4166
4167
4169
4170
4172
4173
4174
4175
4176
4177
4178
4179
4180
4181
4182
4183
4184
4185
4186
4187
4188
4189
4190
4191
4192
4193
4194
4197
4198
4199
4200
4201
4202
4203
4205
4209
4210
4211
4212
4213
4214
4215
4217
4218
4219
4221
4222
4223
4225
4226
4229
4230
4231
4232
4233
4234
4235
4236
4239
4241
4242
4243
4244
4245
4246
4247
4248
4249
4251
4252
4253
4255
4257
4259
4261
4262
4263
4264
4265
4266
4267
4268
4270
4271
4273
4274
4275
4276
4279
4281
4283
4284
4285
4287
4288
4289
4290
4291
4293
4295
4296
4297
4299
4300
4301
4302
4303
4305
4306
4307
4308
4309
4311
4312
4313
4314
4315
4316
4317
4318
4319
4322
4323
4324
4325
4326
4329
4330
4331
4332
4334
4336
4339
4341
4342
4343
4345
4346
4347
4348
4349
4350
4352
4356
4358
4359
4360
4361
4363
4364
4365
4367
4369
4372
4373
4374
4377
4378
4379
4380
4381
4382
4384
4385
4386
4388
4389
4392
4393
4394
4396
4397
4398
4399
4401
4402
4404
4405
4407
4408
4409
4411
4412
4414
4416
4417
4419
4420
4421
4422
4423
4424
4425
4426
4428
4431
4433
4434
4437
4438
4440
4441
4443
4445
4446
4448
4449
4450
4451
4452
4453
4454
4455
4456
4458
4460
4461
4462
4464
4465
4469
4470
4471
4473
4474
4476
4477
4479
4481
4485
4486
4488
4489
4490
4491
4492
4493
4494
4495
4496
4497
4498
4499
4500
4501
4502
4504
4506
4507
4509
4510
4511
4513
4514
4515
4516
4517
4519
4520
4522
4523
4526
4528
4530
4531
4532
4533
4534
4536
4539
4540
4541
4542
4543
4545
4546
4548
4551
4552
4555
4556
4557
4558
4559
4560
4561
4563
4564
4565
4567
4568
4570
4571
4573
4574
4575
4576
4578
4579
4580
4581
4582
4583
4584
4585
4588
4589
4590
4591
4592
4593
4594
4595
4596
4597
4599
4600
4601
4604
4608
4609
4611
4612
4613
4616
4619
4620
4621
4623
4624
4625
4626
4627
4628
4629
4632
4636
4638
4640
4641
4642
4643
4644
4645
4646
4649
4651
4652
4653
4654
4657
4658
4660
4661
4662
4663
4664
4665
4666
4669
4670
4671
4672
4673
4674
4675
4676
4677
4678
4680
4682
4683
4684
4686
4688
4689
4690
4691
4693
4695
4696
4697
4698
4699
4700
4701
4702
4703
4705
4706
4707
4708
4709
4710
4711
4712
4713
4714
4715
4717
4718
4720
4721
4723
4724
4725
4726
4727
4730
4732
4734
4735
4738
4740
4742
4743
4744
4745
4746
4747
4748
4749
4751
4753
4754
4755
4757
4758
4759
4761
4763
4766
4767
4769
4770
4772
4773
4774
4776
4777
4778
4779
4780
4781
4782
4784
4785
4787
4788
4789
4790
4791
4792
4793
4795
4796
4799
4800
4801
4803
4804
4805
4806
4807
4810
4811
4813
4814
4815
4816
4817
4818
4819
4820
4821
4822
4823
4824
4825
4826
4827
4828
4829
4830
4831
4833
4835
4836
4837
4838
4839
4840
4841
4842
4844
4845
4847
4849
4850
4851
4854
4855
4856
4857
4858
4861
4862
4864
4865
4866
4867
4868
4869
4870
4871
4873
4875
4876
4877
4878
4879
4880
4882
4884
4885
4886
4889
4891
4892
4893
4894
4896
4897
4901
4902
4903
4904
4905
4906
4907
4910
4911
4913
4914
4915
4916
4918
4919
4920
4922
4923
4924
4925
4926
4927
4930
4931
4932
4933
4934
4935
4936
4939
4940
4942
4946
4947
4948
4949
4950
4952
4953
4954
4955
4956
4957
4958
4959
4960
4961
4962
4963
4965
4967
4968
4969
4974
4976
4977
4980
4982
4984
4985
4986
4987
4988
4989
4990
4992
4993
4994
4995
4997
5000
5001
5002
5003
5004
5005
5006
5007
5008
5009
5011
5013
5014
5016
5018
5019
5021
5022
5024
5025
5026
5027
5028
5030
5033
5034
5037
5038
5041
5042
5044
5045
5046
5047
5048
5049
5050
5051
5052
5053
5055
5056
5057
5058
5059
5060
5061
5064
5065
5067
5069
5070
5071
5072
5074
5075
5076
5077
5078
5079
5081
5083
5084
5085
5086
5087
5088
5089
5090
5091
5092
5094
5095
5096
5098
5099
5101
5102
5103
5104
5105
5106
5108
5109
5110
5112
5114
5115
5116
5117
5121
5122
5123
5124
5125
5127
5130
5131
5132
5135
5136
5137
5144
5145
5146
5147
5148
5149
5150
5151
5152
5153
5154
5155
5156
5157
5158
5159
5160
5161
5162
5164
5165
5167
5169
5171
5172
5173
5174
5175
5177
5178
5179
5180
5182
5183
5185
5186
5188
5189
5191
5192
5193
5194
5195
5196
5198
5199
5200
5201
5203
5205
5206
5207
5210
5212
5214
5215
5217
5218
5219
5220
5224
5225
5226
5227
5229
5230
5232
5233
5235
5237
5239
5240
5241
5242
5243
5244
5245
5246
5247
5248
5249
5251
5253
5254
5257
5258
5259
5260
5261
5263
5265
5266
5269
5270
5271
5272
5273
5274
5275
5277
5278
5280
5281
5283
5285
5287
5290
5291
5294
5295
5296
5297
5298
5299
5300
5306
5307
5308
5309
5310
5311
5314
5315
5316
5317
5318
5319
5323
5324
5325
5326
5328
5330
5331
5332
5333
5334
5336
5337
5338
5339
5340
5344
5346
5347
5348
5349
5350
5351
5352
5354
5355
5356
5357
5358
5360
5361
5362
5363
5364
5366
5367
5368
5369
5370
5373
5374
5375
5376
5377
5378
5379
5381
5382
5383
5385
5386
5387
5388
5389
5390
5391
5392
5394
5396
5397
5402
5405
5406
5408
5409
5410
5411
5412
5415
5417
5420
5421
5422
5424
5425
5426
5428
5429
5430
5433
5434
5437
5438
5439
5440
5441
5442
5443
5444
5446
5447
5448
5449
5450
5451
5453
5454
5455
5456
5457
5458
5459
5460
5462
5463
5464
5465
5466
5467
5468
5469
5470
5471
5473
5476
5477
5480
5481
5484
5485
5486
5487
5488
5490
5491
5493
5495
5496
5497
5498
5499
5500
5501
5502
5503
5504
5505
5506
5507
5508
5510
5511
5513
5517
5518
5520
5522
5523
5524
5525
5526
5527
5528
5529
5530
5531
5537
5538
5540
5543
5545
5546
5547
5548
5549
5551
5552
5554
5556
5557
5558
5559
5561
5563
5565
5566
5567
5568
5570
5572
5573
5575
5577
5578
5579
5580
5581
5582
5583
5587
5588
5589
5590
5591
5592
5593
5594
5595
5596
5597
5598
5599
5601
5602
5603
5605
5606
5607
5608
5610
5611
5612
5613
5614
5615
5616
5617
5618
5619
5620
5622
5626
5627
5630
5631
5632
5634
5635
5636
5637
5638
5639
5642
5643
5644
5645
5646
5647
5648
5649
5650
5652
5653
5654
5655
5656
5657
5658
5660
5662
5665
5666
5667
5668
5669
5670
5672
5674
5675
5676
5678
5679
5680
5684
5685
5686
5687
5688
5689
5691
5692
5694
5696
5697
5701
5703
5707
5709
5710
5712
5714
5715
5716
5717
5718
5721
5722
5725
5726
5727
5729
5730
5731
5734
5735
5736
5738
5739
5740
5741
5746
5747
5748
5750
5751
5752
5754
5755
5756
5757
5760
5762
5763
5765
5766
5767
5768
5771
5772
5773
5775
5776
5779
5780
5781
5782
5783
5784
5786
5787
5788
5789
5790
5791
5793
5795
5796
5798
5799
5800
5801
5802
5803
5804
5805
5806
5807
5808
5809
5810
5811
5812
5813
5815
5816
5817
5818
5819
5820
5823
5824
5825
5826
5827
5828
5829
5830
5831
5832
5834
5835
5837
5838
5839
5840
5841
5842
5843
5844
5846
5847
5848
5851
5853
5854
5857
5859
5860
5861
5862
5863
5864
5865
5866
5867
5868
5870
5871
5872
5873
5874
5875
5877
5878
5879
5881
5882
5883
5884
5885
5886
5887
5888
5890
5891
5892
5893
5894
5897
5898
5899
5903
5905
5906
5907
5908
5909
5910
5912
5913
5915
5917
5918
5921
5922
5923
5924
5925
5927
5928
5931
5932
5933
5934
5935
5936
5937
5938
5939
5940
5941
5942
5943
5945
5946
5948
5949
5951
5952
5953
5954
5955
5956
5957
5958
5959
5961
5962
5964
5965
5966
5967
5968
5969
5971
5972
5973
5974
5975
5976
5977
5978
5979
5981
5982
5983
5984
5985
5986
5987
5988
5989
5991
5993
5994
5995
5997
6000
6001
6002
6003
6004
6005
6006
6007
6008
6012
6013
6014
6016
6017
6018
6020
6021
6022
6023
6024
6025
6026
6027
6028
6029
6030
6031
6032
6034
6036
6037
6038
6039
6040
6041
6044
6045
6046
6047
6048
6049
6050
6052
6053
6054
6055
6057
6060
6061
6062
6063
6064
6065
6066
6067
6068
6070
6074
6076
6078
6080
6081
6082
6085
6086
6087
6088
6089
6090
6091
6092
6093
6094
6095
6097
6098
6101
6104
6105
6106
6107
6108
6109
6112
6113
6115
6116
6117
6118
6119
6120
6121
6122
6123
6126
6128
6129
6130
6131
6134
6136
6139
6140
6141
6142
6144
6145
6146
6147
6148
6149
6150
6151
6152
6153
6154
6155
6156
6157
6158
6159
6160
6162
6163
6165
6168
6169
6170
6171
6174
6176
6177
6178
6180
6181
6182
6183
6184
6185
6187
6190
6191
6193
6194
6195
6197
6198
6199
6201
6202
6203
6205
6206
6207
6208
6209
6210
6213
6214
6215
6216
6218
6219
6220
6221
6223
6224
6226
6227
6228
6229
6230
6231
6232
6233
6234
6235
6236
6238
6239
6240
6241
6242
6243
6244
6246
6247
6249
6250
6252
6253
6254
6257
6258
6259
6260
6261
6263
6264
6266
6267
6269
6270
6271
6272
6273
6274
6275
6276
6277
6279
6280
6281
6283
6285
6286
6287
6289
6291
6292
6293
6295
6298
6301
6303
6305
6306
6307
6308
6310
6312
6314
6315
6316
6317
6319
6321
6323
6324
6325
6328
6329
6332
6333
6334
6335
6336
6340
6342
6343
6344
6345
6347
6348
6349
6351
6352
6355
6356
6357
6358
6359
6360
6362
6363
6365
6366
6369
6370
6372
6373
6374
6375
6376
6377
6379
6380
6381
6382
6383
6384
6388
6389
6390
6392
6393
6394
6395
6397
6398
6399
6400
6401
6402
6404
6405
6406
6407
6409
6410
6411
6412
6413
6415
6417
6418
6420
6421
6422
6423
6425
6426
6427
6428
6429
6430
6433
6434
6437
6438
6440
6441
6444
6445
6446
6447
6448
6449
6451
6452
6453
6454
6456
6457
6458
6460
6461
6462
6463
6464
6466
6467
6468
6469
6471
6472
6473
6476
6477
6478
6479
6480
6482
6483
6484
6486
6488
6489
6490
6491
6492
6493
6495
6496
6497
6498
6499
6502
6503
6504
6506
6507
6508
6509
6511
6512
6516
6517
6518
6520
6522
6523
6524
6525
6526
6528
6529
6532
6533
6534
6536
6537
6539
6540
6541
6545
6546
6547
6548
6549
6550
6551
6553
6554
6555
6556
6557
6558
6559
6560
6561
6563
6564
6565
6566
6567
6568
6569
6570
6571
6572
6573
6575
6576
6577
6578
6579
6580
6581
6582
6583
6584
6585
6586
6588
6590
6591
6594
6595
6597
6598
6599
6600
6601
6602
6604
6605
6606
6607
6609
6610
6611
6612
6613
6614
6621
6623
6625
6626
6627
6629
6632
6637
6638
6639
6640
6641
6643
6644
6648
6649
6651
6652
6653
6654
6655
6656
6657
6658
6660
6661
6663
6664
6665
6667
6668
6669
6670
6672
6676
6677
6678
6679
6680
6681
6682
6683
6684
6685
6686
6687
6689
6690
6691
6692
6693
6694
6695
6696
6698
6699
6700
6701
6703
6704
6705
6706
6707
6708
6709
6711
6714
6715
6717
6720
6721
6722
6724
6725
6726
6729
6730
6731
6732
6733
6734
6735
6736
6737
6738
6739
6740
6741
6742
6743
6744
6745
6746
6747
6749
6750
6751
6752
6753
6755
6756
6758
6760
6762
6764
6766
6767
6768
6769
6770
6771
6773
6774
6775
6776
6779
6780
6781
6784
6785
6786
6787
6788
6789
6790
6791
6792
6793
6796
6799
6800
6801
6804
6805
6806
6807
6809
6810
6811
6813
6814
6815
6816
6817
6818
6819
6821
6824
6826
6827
6828
6829
6831
6832
6833
6835
6838
6839
6840
6841
6843
6845
6846
6847
6848
6849
6851
6852
6853
6854
6857
6858
6859
6860
6863
6866
6867
6868
6869
6870
6871
6872
6875
6876
6877
6880
6881
6882
6883
6884
6885
6886
6888
6890
6892
6893
6894
6895
6896
6898
6899
6900
6901
6902
6903
6904
6905
6906
6907
6909
6910
6911
6913
6914
6915
6916
6917
6918
6919
6922
6924
6926
6927
6930
6931
6933
6934
6935
6936
6937
6938
6939
6940
6941
6942
6946
6947
6949
6950
6952
6953
6954
6956
6957
6959
6960
6961
6962
6965
6967
6969
6970
6974
6976
6977
6978
6980
6982
6984
6985
6986
6987
6988
6989
6990
6992
6994
6995
6996
6997
6998
6999
7000
7001
7002
7003
7004
7006
7009
7010
7012
7013
7014
7015
7016
7017
7018
7019
7021
7022
7023
7024
7026
7027
7030
7031
7033
7036
7038
7039
7040
7041
7042
7043
7044
7048
7049
7050
7051
7053
7054
7055
7056
7057
7058
7059
7061
7062
7063
7065
7066
7067
7069
7070
7072
7073
7075
7076
7078
7079
7080
7081
7082
7084
7085
7086
7087
7089
7090
7091
7092
7093
7094
7095
7097
7099
7100
7103
7104
7105
7106
7107
7108
7109
7113
7114
7115
7116
7117
7119
7120
7121
7122
7123
7125
7127
7128
7129
7131
7132
7135
7136
7137
7138
7139
7141
7143
7144
7145
7146
7147
7148
7149
7150
7151
7152
7154
7155
7157
7159
7161
7162
7163
7165
7166
7167
7168
7169
7171
7172
7173
7179
7180
7181
7182
7183
7185
7186
7187
7188
7190
7191
7193
7194
7195
7196
7198
7201
7202
7204
7205
7207
7209
7213
7216
7217
7219
7220
7221
7222
7224
7225
7229
7230
7234
7235
7238
7239
7241
7242
7243
7245
7246
7248
7249
7250
7251
7252
7253
7254
7255
7257
7258
7259
7262
7266
7267
7268
7270
7273
7274
7276
7277
7278
7280
7281
7282
7286
7287
7288
7289
7290
7291
7293
7294
7295
7296
7299
7300
7301
7305
7306
7308
7309
7311
7312
7313
7315
7316
7318
7320
7321
7323
7324
7325
7326
7327
7328
7330
7332
7333
7334
7335
7336
7340
7341
7342
7343
7344
7345
7346
7347
7348
7349
7354
7355
7356
7357
7361
7362
7363
7364
7365
7366
7367
7368
7369
7370
7371
7372
7373
7374
7375
7376
7377
7378
7379
7381
7382
7383
7384
7385
7386
7387
7388
7389
7390
7391
7393
7396
7397
7399
7400
7401
7402
7403
7406
7407
7408
7410
7411
7412
7413
7414
7415
7416
7417
7418
7420
7421
7422
7424
7425
7427
7428
7431
7432
7433
7434
7435
7436
7437
7438
7441
7442
7443
